<?xml version="1.0"?>
<opencv_storage>
<calibration_time>"Di 26 Nov 2019 00:32:18 CET"</calibration_time>
<nr_of_frames>12</nr_of_frames>
<image_width>1280</image_width>
<image_height>720</image_height>
<board_width>9</board_width>
<board_height>6</board_height>
<square_size>50.</square_size>
<fix_aspect_ratio>1.</fix_aspect_ratio>
<!-- flags: +fix_aspectRatio +fix_principal_point +zero_tangent_dist +fix_k4 +fix_k5 -->
<flags>6158</flags>
<fisheye_model>0</fisheye_model>
<camera_matrix type_id="opencv-matrix">
  <rows>3</rows>
  <cols>3</cols>
  <dt>d</dt>
  <data>
    1.1346335044968930e+03 0. 640. 0. 1.1346335044968930e+03 360. 0. 0.
    1.</data></camera_matrix>
<distortion_coefficients type_id="opencv-matrix">
  <rows>5</rows>
  <cols>1</cols>
  <dt>d</dt>
  <data>
    -6.8689976032533429e-01 1.7562192253922226e+00 0. 0.
    -3.4706310225635315e+00</data></distortion_coefficients>
<avg_reprojection_error>7.8313126784283738e-01</avg_reprojection_error>
<per_view_reprojection_errors type_id="opencv-matrix">
  <rows>12</rows>
  <cols>1</cols>
  <dt>f</dt>
  <data>
    6.89351082e-01 7.52272189e-01 7.95501292e-01 8.63469481e-01
    6.38159692e-01 5.05324423e-01 8.79820049e-01 8.34202886e-01
    7.33391166e-01 9.60427105e-01 9.63087797e-01 6.47777438e-01</data></per_view_reprojection_errors>
<!-- a set of 6-tuples (rotation vector + translation vector) for each view -->
<extrinsic_parameters type_id="opencv-matrix">
  <rows>12</rows>
  <cols>6</cols>
  <dt>d</dt>
  <data>
    2.1010850614998985e-01 8.2028060665641278e-02 9.7906262435305258e-03
    -1.5857056646228486e+02 -1.2094167900582079e+02
    8.2229277057608908e+02 4.4968866435033639e-01 2.0657660762780847e-01
    -3.9072183816243132e-02 -1.5859546582790443e+02
    -1.0215827179217007e+02 7.4760862627932488e+02
    6.7071205986059657e-01 1.9798755306115967e-02
    -4.5456729100405921e-02 -2.0908234365163713e+02
    -5.6620672755528631e+01 6.8542964147423197e+02
    8.6259276840238586e-01 2.4255364727407591e-02
    -9.3483137347470255e-02 -1.7410242299423510e+02
    -3.0712708415307848e+01 6.1715744746244775e+02
    1.4638605169789062e-01 4.6472111454918064e-01
    -1.3726118142798730e-02 -1.7937244684816451e+02
    -1.4297471549467554e+02 9.1198761941193436e+02
    7.5207264556260076e-02 7.6162791845295208e-01 4.8639973701311082e-02
    -2.0866196079834140e+02 -1.5791981154543507e+02
    9.6843914459662938e+02 7.5748820425076513e-01
    -3.9527937324439660e-01 5.7489005708943913e-02
    -8.0740679726626738e+01 -7.5806867706051634e+01
    5.0877846283218526e+02 5.6278973087488415e-01
    -5.2481389364402897e-01 -1.6678479006615891e-02
    -1.1643760063377297e+02 -1.0456207527987092e+02
    5.7790527167062180e+02 -1.8444476599346171e-01
    6.7029415840875550e-01 5.2294896257562611e-02
    -1.1159026196265518e+02 -1.3172896227158012e+02
    9.1972971008346758e+02 7.9739274883845823e-01
    -3.7594999920130207e-01 -8.2511782878011392e-02
    -1.1421714833674275e+02 -4.2235977415387431e+01
    4.9962272551376799e+02 1.0514103937951322e-01
    -8.4762942413840872e-02 -1.3964449460242605e-02
    -2.4651804731915689e+02 -1.3181810781303483e+02
    7.5364533698918467e+02 2.5435924147587929e-01 2.8481749009431551e-01
    -5.0137309575651066e-02 -3.0534511846039749e+02
    -1.3163084463494610e+02 8.2680311861061080e+02</data></extrinsic_parameters>
<image_points type_id="opencv-matrix">
  <rows>12</rows>
  <cols>54</cols>
  <dt>"2f"</dt>
  <data>
    4.29656525e+02 1.97970154e+02 4.93187653e+02 1.97173737e+02
    5.59402283e+02 1.96797470e+02 6.27771851e+02 1.96877899e+02
    6.96467041e+02 1.97379333e+02 7.65615173e+02 1.98881302e+02
    8.33882263e+02 2.00729187e+02 9.00108337e+02 2.02825775e+02
    9.63859558e+02 2.05335999e+02 4.30240540e+02 2.63805267e+02
    4.93581726e+02 2.64075714e+02 5.59421753e+02 2.64593658e+02
    6.27501160e+02 2.65111572e+02 6.96166931e+02 2.66252258e+02
    7.64611755e+02 2.67252563e+02 8.32682678e+02 2.68852081e+02
    8.98526245e+02 2.70417572e+02 9.62056152e+02 2.72071838e+02
    4.31748718e+02 3.28965942e+02 4.94431946e+02 3.30478516e+02
    5.59848145e+02 3.31537415e+02 6.27291138e+02 3.33031891e+02
    6.95564453e+02 3.34135010e+02 7.63598999e+02 3.35083435e+02
    8.30747559e+02 3.36379700e+02 8.96130981e+02 3.37146576e+02
    9.59365784e+02 3.38056610e+02 4.34125275e+02 3.93175018e+02
    4.96192627e+02 3.95400970e+02 5.60575928e+02 3.97566315e+02
    6.27378235e+02 3.99390747e+02 6.94392029e+02 4.00976471e+02
    7.61704285e+02 4.01980011e+02 8.28077881e+02 4.02633606e+02
    8.92693481e+02 4.02921448e+02 9.55333069e+02 4.02830688e+02
    4.36985291e+02 4.54822662e+02 4.98414978e+02 4.58209930e+02
    5.62124329e+02 4.60927521e+02 6.27535645e+02 4.63145447e+02
    6.93536743e+02 4.64816925e+02 7.59502441e+02 4.65662354e+02
    8.24923096e+02 4.66230591e+02 8.88442688e+02 4.65937195e+02
    9.50082886e+02 4.65127319e+02 4.40767548e+02 5.14181030e+02
    5.01101990e+02 5.18167603e+02 5.63519470e+02 5.21325867e+02
    6.27788269e+02 5.24147949e+02 6.92200134e+02 5.25724121e+02
    7.56765259e+02 5.26753601e+02 8.21307251e+02 5.26768372e+02
    8.83706299e+02 5.26379089e+02 9.44260498e+02 5.24880554e+02
    4.09146912e+02 2.09571823e+02 4.75577179e+02 2.07008530e+02
    5.46604980e+02 2.04609695e+02 6.21559937e+02 2.02614258e+02
    6.98564270e+02 2.01037994e+02 7.77153503e+02 2.00558151e+02
    8.55934204e+02 2.00618378e+02 9.33080322e+02 2.01120728e+02
    1.00776849e+03 2.02416061e+02 4.19034149e+02 2.77333221e+02
    4.84760468e+02 2.76348267e+02 5.54485962e+02 2.75600586e+02
    6.28011230e+02 2.74930023e+02 7.03858521e+02 2.74571869e+02
    7.80379761e+02 2.74509827e+02 8.57694641e+02 2.74664795e+02
    9.32880859e+02 2.74995880e+02 1.00590198e+03 2.75450592e+02
    4.29510834e+02 3.42296204e+02 4.94222107e+02 3.43126923e+02
    5.62543701e+02 3.43726135e+02 6.34354797e+02 3.44597351e+02
    7.08267456e+02 3.44999054e+02 7.83030579e+02 3.45343170e+02
    8.57998840e+02 3.45567841e+02 9.31613892e+02 3.45464508e+02
    1.00262787e+03 3.45533051e+02 4.40516266e+02 4.04506104e+02
    5.03774475e+02 4.06667175e+02 5.70591797e+02 4.08849915e+02
    6.40699585e+02 4.10546875e+02 7.12268677e+02 4.11652832e+02
    7.84797791e+02 4.12514130e+02 8.57670044e+02 4.12701050e+02
    9.28896606e+02 4.12617737e+02 9.98060669e+02 4.12159607e+02
    4.51548950e+02 4.62729187e+02 5.13437988e+02 4.66238251e+02
    5.78608459e+02 4.69255707e+02 6.46405518e+02 4.71725189e+02
    7.15837524e+02 4.73600952e+02 7.85967102e+02 4.74647644e+02
    8.56345215e+02 4.75062927e+02 9.25468201e+02 4.74771698e+02
    9.92598816e+02 4.73927643e+02 4.62668976e+02 5.17173889e+02
    5.23033630e+02 5.21536926e+02 5.86143005e+02 5.25362915e+02
    6.51945251e+02 5.28498657e+02 7.18761108e+02 5.30924805e+02
    7.86585388e+02 5.32275879e+02 8.54684021e+02 5.32664124e+02
    9.21499329e+02 5.32394714e+02 9.86432495e+02 5.31106995e+02
    3.13803436e+02 2.70318268e+02 3.85648132e+02 2.66224884e+02
    4.61787628e+02 2.62107208e+02 5.42105469e+02 2.58273407e+02
    6.24271851e+02 2.54672791e+02 7.07552368e+02 2.51328247e+02
    7.89906250e+02 2.48765427e+02 8.69611084e+02 2.46667099e+02
    9.45518799e+02 2.44731384e+02 3.29086487e+02 3.32813049e+02
    3.98720978e+02 3.30173767e+02 4.72392303e+02 3.27341248e+02
    5.49645447e+02 3.24563263e+02 6.28579163e+02 3.21520538e+02
    7.08443359e+02 3.18525208e+02 7.87958679e+02 3.15398163e+02
    8.64390259e+02 3.12523926e+02 9.37713745e+02 3.09595032e+02
    3.43904694e+02 3.90602295e+02 4.11518433e+02 3.89200562e+02
    4.82691223e+02 3.87471985e+02 5.56880127e+02 3.85642853e+02
    6.32729980e+02 3.83149261e+02 7.09340088e+02 3.80333466e+02
    7.85381531e+02 3.76825928e+02 8.58913879e+02 3.73472168e+02
    9.29537903e+02 3.69831207e+02 3.59029083e+02 4.44260254e+02
    4.24289795e+02 4.43719513e+02 4.92705322e+02 4.42944397e+02
    5.64123596e+02 4.41579224e+02 6.36523438e+02 4.39500061e+02
    7.09738831e+02 4.36877716e+02 7.82358826e+02 4.33469177e+02
